Z:\home\albert0liu0\docs\vfx\hw2\station\station0.JPG
3776 2520

4 0 1259.5 
0 4 1887.5 
0 0 1 

-0.0871439 -0.900845 -0.425305 
0.993302 -0.111093 0.0317832 
-0.0758803 -0.419686 0.904492 

699.425

Z:\home\albert0liu0\docs\vfx\hw2\station\station1.JPG
3776 2520

4 0 1259.5 
0 4 1887.5 
0 0 1 

-1.37492e-007 -1 -8.27421e-009 
1 4.92137e-008 -1.812e-008 
-9.95321e-009 8.27421e-009 1 

702.052

Z:\home\albert0liu0\docs\vfx\hw2\station\station10.JPG
3776 2520

4 0 1259.5 
0 4 1887.5 
0 0 1 

0.0646601 0.884311 0.462399 
0.95955 0.0721382 -0.27214 
-0.274013 0.461291 -0.843876 

716.295

Z:\home\albert0liu0\docs\vfx\hw2\station\station2.JPG
3776 2520

4 0 1259.5 
0 4 1887.5 
0 0 1 

0.0883321 -0.870281 0.48457 
0.996058 0.0731997 -0.0501058 
0.00813578 0.487086 0.873316 

705.137

Z:\home\albert0liu0\docs\vfx\hw2\station\station3.JPG
3776 2520

4 0 1259.5 
0 4 1887.5 
0 0 1 

0.136819 -0.63329 0.761725 
0.989513 0.123326 -0.0752021 
-0.046316 0.764025 0.643522 

707.24

Z:\home\albert0liu0\docs\vfx\hw2\station\station4.JPG
3776 2520

4 0 1259.5 
0 4 1887.5 
0 0 1 

0.165968 -0.297831 0.940081 
0.979691 0.158572 -0.122723 
-0.112519 0.941356 0.3181 

711.195

Z:\home\albert0liu0\docs\vfx\hw2\station\station5.JPG
3776 2520

4 0 1259.5 
0 4 1887.5 
0 0 1 

0.198761 -0.0886012 0.976035 
0.97095 0.153185 -0.18382 
-0.133227 0.984217 0.116475 

711.314

Z:\home\albert0liu0\docs\vfx\hw2\station\station6.JPG
3776 2520

4 0 1259.5 
0 4 1887.5 
0 0 1 

0.183024 0.0579109 0.981401 
0.952925 0.235013 -0.191581 
-0.241737 0.970265 -0.0121716 

714.215

Z:\home\albert0liu0\docs\vfx\hw2\station\station7.JPG
3776 2520

4 0 1259.5 
0 4 1887.5 
0 0 1 

0.169974 0.296996 0.939629 
0.967615 0.130277 -0.216215 
-0.186627 0.94595 -0.265234 

713.357

Z:\home\albert0liu0\docs\vfx\hw2\station\station8.JPG
3776 2520

4 0 1259.5 
0 4 1887.5 
0 0 1 

0.130115 0.543524 0.829248 
0.95553 0.154489 -0.251188 
-0.264636 0.825054 -0.499252 

715.279

Z:\home\albert0liu0\docs\vfx\hw2\station\station9.JPG
3776 2520

4 0 1259.5 
0 4 1887.5 
0 0 1 

0.123515 0.666563 0.735144 
0.967111 0.0851362 -0.239682 
-0.222351 0.740571 -0.634125 

715.405

