Z:\home\albert0liu0\docs\vfx\hw2\garden\resized_garden01.JPG
252 377

1 0 188 
0 1 125.5 
0 0 1 

-4.37114e-008 -1 0 
1 -4.37114e-008 0 
0 0 1 

264.833

Z:\home\albert0liu0\docs\vfx\hw2\garden\resized_garden02.JPG
252 377

1 0 188 
0 1 125.5 
0 0 1 

0.032629 -0.999368 -0.0141291 
0.966532 0.0351498 -0.254125 
0.254461 -0.00536436 0.967068 

264.985

Z:\home\albert0liu0\docs\vfx\hw2\garden\resized_garden03.JPG
252 377

1 0 188 
0 1 125.5 
0 0 1 

0.0369584 -0.998839 -0.0308941 
0.823881 0.0479519 -0.564731 
0.565557 -0.00458148 0.824697 

265.273

Z:\home\albert0liu0\docs\vfx\hw2\garden\resized_garden04.JPG
252 377

1 0 188 
0 1 125.5 
0 0 1 

0.0471837 -0.997938 -0.0435049 
0.651517 0.06376 -0.75595 
0.757166 0.00732439 0.653182 

263.545

Z:\home\albert0liu0\docs\vfx\hw2\garden\resized_garden05.JPG
252 377

1 0 188 
0 1 125.5 
0 0 1 

0.0504262 -0.996674 -0.0640175 
0.403759 0.0789715 -0.91145 
0.913474 0.0201134 0.406399 

263.447

Z:\home\albert0liu0\docs\vfx\hw2\garden\resized_garden06.JPG
252 377

1 0 188 
0 1 125.5 
0 0 1 

0.0486578 -0.995449 -0.0819421 
0.188037 0.0897018 -0.978057 
0.980956 0.0321819 0.191546 

263.287

Z:\home\albert0liu0\docs\vfx\hw2\garden\resized_garden07.JPG
252 377

1 0 188 
0 1 125.5 
0 0 1 

0.0420814 -0.99348 -0.105958 
-0.164144 0.0977365 -0.981582 
0.985538 0.0586988 -0.158961 

263.401

Z:\home\albert0liu0\docs\vfx\hw2\garden\resized_garden08.JPG
252 377

1 0 188 
0 1 125.5 
0 0 1 

0.0248138 -0.991553 -0.12731 
-0.482913 0.099616 -0.869983 
0.875316 0.0830672 -0.476362 

263.049

Z:\home\albert0liu0\docs\vfx\hw2\garden\resized_garden09.JPG
252 377

1 0 188 
0 1 125.5 
0 0 1 

0.012843 -0.991183 -0.131879 
-0.635393 0.0937481 -0.766477 
0.772082 0.0936386 -0.628587 

262.772

Z:\home\albert0liu0\docs\vfx\hw2\garden\resized_garden10.JPG
252 377

1 0 188 
0 1 125.5 
0 0 1 

-0.00703961 -0.989947 -0.141262 
-0.805459 0.0893307 -0.585881 
0.59261 0.109656 -0.79799 

262.304

Z:\home\albert0liu0\docs\vfx\hw2\garden\resized_garden11.JPG
252 377

1 0 188 
0 1 125.5 
0 0 1 

-0.0370312 -0.98922 -0.141677 
-0.974831 0.0669491 -0.212655 
0.219847 0.130236 -0.966802 

261.377

Z:\home\albert0liu0\docs\vfx\hw2\garden\resized_garden12.JPG
252 377

1 0 188 
0 1 125.5 
0 0 1 

-0.0617257 -0.989162 -0.133221 
-0.99115 0.0450314 0.124876 
-0.117523 0.13975 -0.983188 

260.115

Z:\home\albert0liu0\docs\vfx\hw2\garden\resized_garden13.JPG
252 377

1 0 188 
0 1 125.5 
0 0 1 

-0.0705602 -0.988882 -0.1309 
-0.97183 0.0385665 0.232506 
-0.224872 0.143618 -0.963746 

260.064

Z:\home\albert0liu0\docs\vfx\hw2\garden\resized_garden14.JPG
252 377

1 0 188 
0 1 125.5 
0 0 1 

-0.0821295 -0.989388 -0.119858 
-0.906209 0.0240847 0.422144 
-0.414778 0.143287 -0.89857 

259.549

Z:\home\albert0liu0\docs\vfx\hw2\garden\resized_garden15.JPG
252 377

1 0 188 
0 1 125.5 
0 0 1 

-0.0977758 -0.990232 -0.0994055 
-0.729033 0.00327372 0.68447 
-0.677459 0.139395 -0.722232 

259.094

Z:\home\albert0liu0\docs\vfx\hw2\garden\resized_garden16.JPG
252 377

1 0 188 
0 1 125.5 
0 0 1 

-0.106136 -0.99191 -0.0696363 
-0.38166 -0.0240297 0.92399 
-0.918189 0.124646 -0.376022 

260.649

Z:\home\albert0liu0\docs\vfx\hw2\garden\resized_garden17.JPG
252 377

1 0 188 
0 1 125.5 
0 0 1 

-0.0974468 -0.994507 -0.0382083 
0.054953 -0.043709 0.997532 
-0.993722 0.0951066 0.0589103 

261.505

Z:\home\albert0liu0\docs\vfx\hw2\garden\resized_garden18.JPG
252 377

1 0 188 
0 1 125.5 
0 0 1 

-0.0790328 -0.996812 -0.0108947 
0.430146 -0.0439594 0.901689 
-0.899293 0.0665766 0.432249 

262.31

Z:\home\albert0liu0\docs\vfx\hw2\garden\resized_garden19.JPG
252 377

1 0 188 
0 1 125.5 
0 0 1 

-0.0662537 -0.997803 -7.88707e-005 
0.61484 -0.0408873 0.787591 
-0.785864 0.0521323 0.616198 

261.463

Z:\home\albert0liu0\docs\vfx\hw2\garden\resized_garden20.JPG
252 377

1 0 188 
0 1 125.5 
0 0 1 

-0.0548767 -0.998491 0.00221252 
0.736328 -0.0389715 0.675501 
-0.674396 0.0386984 0.737355 

262.502

Z:\home\albert0liu0\docs\vfx\hw2\garden\resized_garden21.JPG
252 377

1 0 188 
0 1 125.5 
0 0 1 

-0.0493082 -0.998775 0.00419198 
0.790777 -0.0364751 0.611016 
-0.610114 0.033443 0.791607 

263.882

Z:\home\albert0liu0\docs\vfx\hw2\garden\resized_garden22.JPG
252 377

1 0 188 
0 1 125.5 
0 0 1 

-0.0336133 -0.999416 0.00608452 
0.896424 -0.0274563 0.442347 
-0.441921 0.020323 0.896824 

264.601

Z:\home\albert0liu0\docs\vfx\hw2\garden\resized_garden23.JPG
252 377

1 0 188 
0 1 125.5 
0 0 1 

-0.0161041 -0.999869 0.00163423 
0.971597 -0.0152628 0.236148 
-0.236093 0.00539081 0.971716 

265.302

Z:\home\albert0liu0\docs\vfx\hw2\garden\resized_garden00.JPG
252 377

1 0 188 
0 1 125.5 
0 0 1 

-0.0210678 -0.999757 0.00641579 
0.969226 -0.0188493 0.24545 
-0.24527 0.0113895 0.969388 

264.085

