Z:\home\albert0liu0\docs\vfx\hw2\garden\garden00.JPG
3776 2520

4 0 1259.5 
0 4 1887.5 
0 0 1 

-0.0176191 -0.968894 -0.246848 
0.99979 -0.0196648 0.0058239 
-0.010497 -0.246693 0.969037 

659.869

Z:\home\albert0liu0\docs\vfx\hw2\garden\garden01.JPG
3776 2520

4 0 1259.5 
0 4 1887.5 
0 0 1 

-3.67164e-008 -1 4.86999e-008 
1 -5.07064e-008 -3.73466e-008 
-3.73466e-008 -4.86999e-008 1 

660.768

Z:\home\albert0liu0\docs\vfx\hw2\garden\garden02.JPG
3776 2520

4 0 1259.5 
0 4 1887.5 
0 0 1 

0.0324135 -0.966181 0.255819 
0.999462 0.0300406 -0.0131788 
0.0050481 0.256108 0.966635 

660.421

Z:\home\albert0liu0\docs\vfx\hw2\garden\garden03.JPG
3776 2520

4 0 1259.5 
0 4 1887.5 
0 0 1 

0.047216 -0.823166 0.565834 
0.998871 0.035975 -0.031015 
0.00517456 0.566659 0.823936 

662.828

Z:\home\albert0liu0\docs\vfx\hw2\garden\garden04.JPG
3776 2520

4 0 1259.5 
0 4 1887.5 
0 0 1 

0.0662107 -0.650994 0.756189 
0.997783 0.0483351 -0.0457532 
-0.00676553 0.757542 0.652751 

661.102

Z:\home\albert0liu0\docs\vfx\hw2\garden\garden05.JPG
3776 2520

4 0 1259.5 
0 4 1887.5 
0 0 1 

0.0799289 -0.403167 0.911629 
0.996596 0.050887 -0.0648738 
-0.0202351 0.913711 0.405861 

660.729

Z:\home\albert0liu0\docs\vfx\hw2\garden\garden06.JPG
3776 2520

4 0 1259.5 
0 4 1887.5 
0 0 1 

0.0891273 -0.187321 0.978247 
0.995484 0.048974 -0.0813199 
-0.0326758 0.981077 0.19084 

660.543

Z:\home\albert0liu0\docs\vfx\hw2\garden\garden07.JPG
3776 2520

4 0 1259.5 
0 4 1887.5 
0 0 1 

0.095603 0.164784 0.981685 
0.993712 0.0419458 -0.103815 
-0.0582846 0.985437 -0.159737 

661.302

Z:\home\albert0liu0\docs\vfx\hw2\garden\garden08.JPG
3776 2520

4 0 1259.5 
0 4 1887.5 
0 0 1 

0.0964162 0.482429 0.870613 
0.991928 0.02581 -0.124153 
-0.0823655 0.875555 -0.476045 

659.664

Z:\home\albert0liu0\docs\vfx\hw2\garden\garden09.JPG
3776 2520

4 0 1259.5 
0 4 1887.5 
0 0 1 

0.0921265 0.634555 0.767367 
0.991429 0.0132401 -0.129975 
-0.0926363 0.772764 -0.627896 

659.037

Z:\home\albert0liu0\docs\vfx\hw2\garden\garden10.JPG
3776 2520

4 0 1259.5 
0 4 1887.5 
0 0 1 

0.0876192 0.804808 0.587032 
0.990143 -0.00571989 -0.139945 
-0.109271 0.593508 -0.797376 

655.744

Z:\home\albert0liu0\docs\vfx\hw2\garden\garden11.JPG
3776 2520

4 0 1259.5 
0 4 1887.5 
0 0 1 

0.0638399 0.974959 0.213025 
0.989467 -0.0340479 -0.140698 
-0.129922 0.219764 -0.966863 

650.71

Z:\home\albert0liu0\docs\vfx\hw2\garden\garden12.JPG
3776 2520

4 0 1259.5 
0 4 1887.5 
0 0 1 

0.0452314 0.991179 -0.124572 
0.989404 -0.0616701 -0.131442 
-0.137965 -0.117307 -0.983465 

648.747

Z:\home\albert0liu0\docs\vfx\hw2\garden\garden13.JPG
3776 2520

4 0 1259.5 
0 4 1887.5 
0 0 1 

0.0375649 0.971799 -0.232799 
0.989189 -0.0692099 -0.129293 
-0.141759 -0.225425 -0.963892 

649.164

Z:\home\albert0liu0\docs\vfx\hw2\garden\garden14.JPG
3776 2520

4 0 1259.5 
0 4 1887.5 
0 0 1 

0.0242396 0.905906 -0.422786 
0.989682 -0.0814845 -0.117856 
-0.141217 -0.415566 -0.898533 

648.05

Z:\home\albert0liu0\docs\vfx\hw2\garden\garden15.JPG
3776 2520

4 0 1259.5 
0 4 1887.5 
0 0 1 

0.00299422 0.728648 -0.684882 
0.990578 -0.0959322 -0.0977321 
-0.136914 -0.678136 -0.72207 

649.689

Z:\home\albert0liu0\docs\vfx\hw2\garden\garden16.JPG
3776 2520

4 0 1259.5 
0 4 1887.5 
0 0 1 

-0.0252687 0.383091 -0.923365 
0.992308 -0.102365 -0.069625 
-0.121193 -0.918021 -0.377557 

652.129

Z:\home\albert0liu0\docs\vfx\hw2\garden\garden17.JPG
3776 2520

4 0 1259.5 
0 4 1887.5 
0 0 1 

-0.043388 -0.0534947 -0.997625 
0.994838 -0.0940001 -0.0382264 
-0.091732 -0.994134 0.0572972 

654.398

Z:\home\albert0liu0\docs\vfx\hw2\garden\garden18.JPG
3776 2520

4 0 1259.5 
0 4 1887.5 
0 0 1 

-0.0449146 -0.429156 -0.902113 
0.997053 -0.0754686 -0.0137394 
-0.0621849 -0.900072 0.431282 

658.463

Z:\home\albert0liu0\docs\vfx\hw2\garden\garden19.JPG
3776 2520

4 0 1259.5 
0 4 1887.5 
0 0 1 

-0.0417957 -0.613832 -0.78833 
0.997993 -0.0632225 -0.00368351 
-0.0475792 -0.786901 0.615242 

658.372

Z:\home\albert0liu0\docs\vfx\hw2\garden\garden20.JPG
3776 2520

4 0 1259.5 
0 4 1887.5 
0 0 1 

-0.0377205 -0.735043 -0.676969 
0.998672 -0.0515123 0.000285598 
-0.0350822 -0.67606 0.736011 

659.302

Z:\home\albert0liu0\docs\vfx\hw2\garden\garden21.JPG
3776 2520

4 0 1259.5 
0 4 1887.5 
0 0 1 

-0.0354172 -0.789369 -0.612897 
0.99888 -0.0472189 0.00309289 
-0.0313818 -0.612101 0.790157 

659.988

Z:\home\albert0liu0\docs\vfx\hw2\garden\garden22.JPG
3776 2520

4 0 1259.5 
0 4 1887.5 
0 0 1 

-0.0264486 -0.895566 -0.444141 
0.999466 -0.0322104 0.00543082 
-0.0191696 -0.44376 0.89594 

660.786

Z:\home\albert0liu0\docs\vfx\hw2\garden\garden23.JPG
3776 2520

4 0 1259.5 
0 4 1887.5 
0 0 1 

-0.0154958 -0.971402 -0.236936 
0.999868 -0.016218 0.00109885 
-0.00491013 -0.236888 0.971524 

661.385

