Z:\home\albert0liu0\docs\vfx\hw2\eslite\resized_eslite0.JPG
504 755

1 0 377 
0 1 251.5 
0 0 1 

-0.00626243 -0.999979 0.00173923 
0.991089 -0.00597531 0.133067 
-0.133054 0.00255701 0.991105 

575.133

Z:\home\albert0liu0\docs\vfx\hw2\eslite\resized_eslite1.JPG
504 755

1 0 377 
0 1 251.5 
0 0 1 

-4.49578e-008 -1 2.43773e-008 
1 -4.27338e-008 -3.62816e-008 
-3.62816e-008 -2.50307e-008 1 

575.9

Z:\home\albert0liu0\docs\vfx\hw2\eslite\resized_eslite2.JPG
504 755

1 0 377 
0 1 251.5 
0 0 1 

0.0313346 -0.999501 -0.00389618 
0.969555 0.0313425 -0.242859 
0.24286 0.00383229 0.970054 

578.282

Z:\home\albert0liu0\docs\vfx\hw2\eslite\resized_eslite3.JPG
504 755

1 0 377 
0 1 251.5 
0 0 1 

0.07445 -0.996892 -0.0257533 
0.841998 0.0766774 -0.534003 
0.534318 0.0180723 0.84509 

580.925

Z:\home\albert0liu0\docs\vfx\hw2\eslite\resized_eslite4.JPG
504 755

1 0 377 
0 1 251.5 
0 0 1 

0.104628 -0.993027 -0.0543127 
0.65947 0.110155 -0.743616 
0.744414 0.0419857 0.666397 

583.574

Z:\home\albert0liu0\docs\vfx\hw2\eslite\resized_eslite5.JPG
504 755

1 0 377 
0 1 251.5 
0 0 1 

0.132932 -0.985219 -0.108039 
0.311151 0.144979 -0.939237 
0.941018 0.0912377 0.325824 

586.199

