Z:\home\albert0liu0\docs\vfx\hw2\eslite\eslite0.JPG
3776 2520

4 0 1259.5 
0 4 1887.5 
0 0 1 

-0.0134994 -0.990916 -0.133804 
0.999902 -0.0138931 0.00200853 
-0.00384953 -0.133763 0.991005 

705.47

Z:\home\albert0liu0\docs\vfx\hw2\eslite\eslite1.JPG
3776 2520

4 0 1259.5 
0 4 1887.5 
0 0 1 

-1.69644e-008 -1 -3.26227e-007 
1 -7.04584e-008 -1.3532e-007 
-1.3532e-007 3.26227e-007 1 

706.736

Z:\home\albert0liu0\docs\vfx\hw2\eslite\eslite2.JPG
3776 2520

4 0 1259.5 
0 4 1887.5 
0 0 1 

0.0361936 -0.968485 0.246426 
0.999337 0.0361056 -0.00487702 
-0.00417429 0.24644 0.969149 

709.708

Z:\home\albert0liu0\docs\vfx\hw2\eslite\eslite3.JPG
3776 2520

4 0 1259.5 
0 4 1887.5 
0 0 1 

0.0812764 -0.836527 0.541864 
0.99649 0.0791501 -0.027276 
-0.0200717 0.542179 0.840023 

713.191

Z:\home\albert0liu0\docs\vfx\hw2\eslite\eslite4.JPG
3776 2520

4 0 1259.5 
0 4 1887.5 
0 0 1 

0.113395 -0.648081 0.753081 
0.9925 0.108744 -0.0558629 
-0.0456897 0.753767 0.655552 

716.345

Z:\home\albert0liu0\docs\vfx\hw2\eslite\eslite5.JPG
3776 2520

4 0 1259.5 
0 4 1887.5 
0 0 1 

0.144313 -0.290199 0.946022 
0.984847 0.135056 -0.108806 
-0.0961906 0.947388 0.305292 

719.337

