Z:\home\albert0liu0\docs\vfx\hw2\lake\lake0.JPG
3776 2520

4 0 1259.5 
0 4 1887.5 
0 0 1 

-0.979878 0.0969901 -0.174449 
-0.101194 -0.994748 0.0153467 
-0.172044 0.0326911 0.984547 

712.354

Z:\home\albert0liu0\docs\vfx\hw2\lake\lake1.JPG
3776 2520

4 0 1259.5 
0 4 1887.5 
0 0 1 

-0.967045 0.0355232 0.252114 
-0.0343742 -0.999369 0.00896145 
0.252274 -1.09374e-007 0.967656 

714.226

Z:\home\albert0liu0\docs\vfx\hw2\lake\lake2.JPG
3776 2520

4 0 1259.5 
0 4 1887.5 
0 0 1 

-0.863609 -0.00668374 0.504118 
0.00270432 -0.999959 -0.00862494 
0.504155 -0.00608527 0.863592 

714.474

Z:\home\albert0liu0\docs\vfx\hw2\lake\lake3.JPG
3776 2520

4 0 1259.5 
0 4 1887.5 
0 0 1 

-0.584707 -0.0715639 0.808082 
0.0482727 -0.997405 -0.0534016 
0.809807 0.00778402 0.586644 

714.859

Z:\home\albert0liu0\docs\vfx\hw2\lake\lake4.JPG
3776 2520

4 0 1259.5 
0 4 1887.5 
0 0 1 

-0.191044 -0.125092 0.973578 
0.0715766 -0.990981 -0.113283 
0.978968 0.0480435 0.198275 

715.886

Z:\home\albert0liu0\docs\vfx\hw2\lake\lake5.JPG
3776 2520

4 0 1259.5 
0 4 1887.5 
0 0 1 

0.196691 -0.154115 0.968277 
0.0692337 -0.982921 -0.170509 
0.978018 0.100575 -0.182662 

716.748

Z:\home\albert0liu0\docs\vfx\hw2\lake\lake6.JPG
3776 2520

4 0 1259.5 
0 4 1887.5 
0 0 1 

0.550551 -0.159319 0.819457 
0.046644 -0.974216 -0.220744 
0.833497 0.159754 -0.528924 

716.711

Z:\home\albert0liu0\docs\vfx\hw2\lake\lake7.JPG
3776 2520

4 0 1259.5 
0 4 1887.5 
0 0 1 

0.753275 -0.149782 0.640423 
0.0196898 -0.968151 -0.24959 
0.65741 0.20062 -0.726335 

716.729

Z:\home\albert0liu0\docs\vfx\hw2\lake\lake8.JPG
3776 2520

4 0 1259.5 
0 4 1887.5 
0 0 1 

0.941162 -0.12183 0.315232 
-0.0316691 -0.960452 -0.276641 
0.336468 0.25038 -0.907798 

720.098

Z:\home\albert0liu0\docs\vfx\hw2\lake\lake9.JPG
3776 2520

4 0 1259.5 
0 4 1887.5 
0 0 1 

0.993576 -0.0717039 -0.0875498 
-0.0937287 -0.954946 -0.281591 
-0.0634139 0.287988 -0.955532 

721.571

