Z:\home\albert0liu0\docs\vfx\hw2\ocean\ocean1.JPG
3776 2520

4 0 1259.5 
0 4 1887.5 
0 0 1 

-0.0263444 -0.900065 -0.434959 
0.999636 -0.0211458 -0.0167881 
0.00591282 -0.435243 0.900293 

762.211

Z:\home\albert0liu0\docs\vfx\hw2\ocean\ocean2.JPG
3776 2520

4 0 1259.5 
0 4 1887.5 
0 0 1 

-3.95131e-008 -1 2.70416e-008 
1 -4.72865e-008 -1.00572e-008 
-1.05574e-008 -2.70416e-008 1 

761.83

Z:\home\albert0liu0\docs\vfx\hw2\ocean\ocean3.JPG
3776 2520

4 0 1259.5 
0 4 1887.5 
0 0 1 

-0.00617735 -0.896504 0.442991 
0.999969 -0.00338493 0.0070939 
-0.00486024 0.443022 0.896497 

758.432

Z:\home\albert0liu0\docs\vfx\hw2\ocean\ocean4.JPG
3776 2520

4 0 1259.5 
0 4 1887.5 
0 0 1 

0.0278174 -0.540893 0.840631 
0.999592 0.0205502 -0.0198549 
-0.00653578 0.84084 0.541244 

750.566

Z:\home\albert0liu0\docs\vfx\hw2\ocean\ocean5.JPG
3776 2520

4 0 1259.5 
0 4 1887.5 
0 0 1 

0.0111553 -0.299143 0.954143 
0.999938 0.00293604 -0.0107702 
0.000420391 0.954204 0.299157 

749.489

Z:\home\albert0liu0\docs\vfx\hw2\ocean\ocean6.JPG
3776 2520

4 0 1259.5 
0 4 1887.5 
0 0 1 

0.00780832 -0.0494305 0.998747 
0.999954 -0.00525625 -0.00807792 
0.00564893 0.998763 0.0493872 

748.851

Z:\home\albert0liu0\docs\vfx\hw2\ocean\ocean7.JPG
3776 2520

4 0 1259.5 
0 4 1887.5 
0 0 1 

0.0263198 0.191801 0.981081 
0.999614 0.00374485 -0.0275491 
-0.00895796 0.981427 -0.191628 

746.083

Z:\home\albert0liu0\docs\vfx\hw2\ocean\ocean8.JPG
3776 2520

4 0 1259.5 
0 4 1887.5 
0 0 1 

0.0197466 0.609968 0.792179 
0.999797 -0.0152651 -0.0131679 
0.00406068 0.792279 -0.610146 

740.648

