Z:\home\albert0liu0\docs\vfx\hw2\ocean\ocean1.JPG
3776 2520

4 0 1259.5 
0 4 1887.5 
0 0 1 

-0.0233548 -0.900179 -0.434895 
0.999705 -0.0181251 -0.0161699 
0.00667328 -0.435144 0.900336 

764.664

Z:\home\albert0liu0\docs\vfx\hw2\ocean\ocean2.JPG
3776 2520

4 0 1259.5 
0 4 1887.5 
0 0 1 

1.05137e-008 -1 3.80126e-008 
1 -9.79989e-008 -1.27508e-008 
-1.25938e-008 -3.80126e-008 1 

763.179

Z:\home\albert0liu0\docs\vfx\hw2\ocean\ocean3.JPG
3776 2520

4 0 1259.5 
0 4 1887.5 
0 0 1 

-0.00657342 -0.897007 0.441967 
0.999968 -0.00386446 0.00702961 
-0.00459769 0.441999 0.897004 

761.658

Z:\home\albert0liu0\docs\vfx\hw2\ocean\ocean4.JPG
3776 2520

4 0 1259.5 
0 4 1887.5 
0 0 1 

0.0276919 -0.543674 0.83884 
0.999598 0.020133 -0.0199501 
-0.00604207 0.839055 0.544013 

753.344

Z:\home\albert0liu0\docs\vfx\hw2\ocean\ocean5.JPG
3776 2520

4 0 1259.5 
0 4 1887.5 
0 0 1 

0.0116956 -0.30332 0.952817 
0.999931 0.0027254 -0.0114063 
0.000862875 0.952885 0.303331 

751.97

Z:\home\albert0liu0\docs\vfx\hw2\ocean\ocean6.JPG
3776 2520

4 0 1259.5 
0 4 1887.5 
0 0 1 

0.00763143 -0.0541745 0.998502 
0.999954 -0.0054573 -0.00793863 
0.00587915 0.998517 0.0541302 

750.542

Z:\home\albert0liu0\docs\vfx\hw2\ocean\ocean7.JPG
3776 2520

4 0 1259.5 
0 4 1887.5 
0 0 1 

0.0251414 0.187151 0.982009 
0.999645 0.00398932 -0.0263532 
-0.00884964 0.982323 -0.186984 

746.574

Z:\home\albert0liu0\docs\vfx\hw2\ocean\ocean8.JPG
3776 2520

4 0 1259.5 
0 4 1887.5 
0 0 1 

0.019594 0.605239 0.795803 
0.999798 -0.0154605 -0.0128585 
0.00452099 0.795894 -0.605419 

742.959

