Z:\home\albert0liu0\docs\vfx\hw2\ocean\resized_ocean1.JPG
252 377

1 0 188 
0 1 125.5 
0 0 1 

-0.0251719 -0.999531 -0.0174504 
0.89534 -0.0303057 0.444351 
-0.444671 -0.00443884 0.895683 

296.214

Z:\home\albert0liu0\docs\vfx\hw2\ocean\resized_ocean2.JPG
252 377

1 0 188 
0 1 125.5 
0 0 1 

-4.61281e-008 -1 -2.42212e-008 
1 -4.14508e-008 -7.98253e-008 
-7.98253e-008 2.45895e-008 1 

294.381

Z:\home\albert0liu0\docs\vfx\hw2\ocean\resized_ocean3.JPG
252 377

1 0 188 
0 1 125.5 
0 0 1 

-0.00521878 -0.999957 0.00772463 
0.889804 -0.00816858 -0.456271 
0.456314 0.00449228 0.889807 

292.956

Z:\home\albert0liu0\docs\vfx\hw2\ocean\resized_ocean4.JPG
252 377

1 0 188 
0 1 125.5 
0 0 1 

0.0214721 -0.999534 -0.0216855 
0.517411 0.0296696 -0.855223 
0.855468 0.00714315 0.517807 

290.214

Z:\home\albert0liu0\docs\vfx\hw2\ocean\resized_ocean5.JPG
252 377

1 0 188 
0 1 125.5 
0 0 1 

0.00344117 -0.999895 -0.014067 
0.266136 0.0144755 -0.963827 
0.963929 -0.000427049 0.266158 

291.215

Z:\home\albert0liu0\docs\vfx\hw2\ocean\resized_ocean6.JPG
252 377

1 0 188 
0 1 125.5 
0 0 1 

-0.00532726 -0.999932 -0.0103671 
0.0104008 0.0103113 -0.999893 
0.999932 -0.00543451 0.0103451 

292.84

Z:\home\albert0liu0\docs\vfx\hw2\ocean\resized_ocean7.JPG
252 377

1 0 188 
0 1 125.5 
0 0 1 

0.00193164 -0.999507 -0.0313245 
-0.233092 0.0300117 -0.971992 
0.972453 0.00917903 -0.232919 

294.537

Z:\home\albert0liu0\docs\vfx\hw2\ocean\resized_ocean8.JPG
252 377

1 0 188 
0 1 125.5 
0 0 1 

-0.0169842 -0.999696 -0.017893 
-0.645495 0.0246297 -0.763367 
0.763576 -0.00141536 -0.645717 

292.201

